referrer,views_total,views_unique
gengl.me,16,2
Google,6,1
Bing,1,1
