url_path,views_total,views_unique
/pwrliang/RayJoin,12,5
/pwrliang/RayJoin/blob/02bf6220d6d20b04af77ee20364eced75cc029c9/src/map/map.h,7,2
/pwrliang/RayJoin/blob/02bf6220d6d20b04af77ee20364eced75cc029c9/src/run_query.cu,5,1
/pwrliang/RayJoin/tree/02bf6220d6d20b04af77ee20364eced75cc029c9/src,4,2
/pwrliang/RayJoin/tree/main,4,2
/pwrliang/RayJoin/tree/main/deps,4,1
/pwrliang/RayJoin/tree/main/expr,3,3
/pwrliang/RayJoin/tree/main/src,3,2
/pwrliang/RayJoin/blob/main/README.md,3,1
/pwrliang/RayJoin/tree/main/deps/lbvh,3,1
